-45.994049072265625,-8.263366699725509,112.71737670898438
36.0,-40.0,40.0,-90.0,5.0,0.0,0.0
32.880001068115234,-37.83585739135742,37.20000076293945,-92.4000015258789,6.466923236846924,-0.7363141775131226,-0.6499999761581421
29.760000228881836,-35.58585739135742,34.400001525878906,-94.80000305175781,7.819206714630127,-1.3673396110534668,-1.2999999523162842
26.639999389648438,-33.33585739135742,31.60000228881836,-97.20000457763672,9.085554122924805,-1.9090685844421387,-1.9499999284744263
23.51999855041504,-31.085857391357422,28.800003051757812,-99.60000610351562,10.240535736083984,-2.343475580215454,-2.5999999046325684
20.39999771118164,-28.835857391357422,26.000003814697266,-102.00000762939453,11.258219718933105,-2.6503498554229736,-3.2332494258880615
17.279996871948242,-26.585857391357422,23.20000457763672,-103.81187438964844,12.11623764038086,-2.8098502159118652,-3.8355767726898193
14.15999698638916,-24.335857391357422,20.400005340576172,-104.614990234375,12.814800262451172,-2.819352388381958,-4.396396636962891
11.039997100830078,-22.085857391357422,17.600006103515625,-104.4903793334961,13.377723693847656,-2.6944897174835205,-4.907604217529297
7.919997215270996,-19.835857391357422,14.800005912780762,-103.54342651367188,13.829266548156738,-2.4539973735809326,-5.362597942352295
4.799997329711914,-17.612730026245117,12.000005722045898,-101.87449645996094,14.190305709838867,-2.114971399307251,-5.754392623901367
1.6799973249435425,-15.65344524383545,9.45179271697998,-99.77796936035156,14.70197582244873,-1.7301435470581055,-6.0526018142700195
-1.440002679824829,-13.951526641845703,7.126823425292969,-99.10382080078125,15.844783782958984,-1.6610426902770996,-6.297213554382324
-4.56000280380249,-12.376687049865723,5.1030354499816895,-97.72317504882812,16.771753311157227,-1.4818394184112549,-6.512211799621582
-7.680002689361572,-11.32539176940918,4.07277250289917,-95.87403106689453,17.550905227661133,-1.2945064306259155,-6.619659423828125
-10.800003051757812,-10.279850006103516,3.2391271591186523,-93.47402954101562,18.147567749023438,-0.9874832630157471,-6.697361469268799
-13.920002937316895,-9.351645469665527,3.186634063720703,-91.07402801513672,18.503402709960938,-0.45366668701171875,-6.696091175079346
-17.040002822875977,-8.318184852600098,3.0221314430236816,-88.67402648925781,18.82101821899414,0.043271057307720184,-6.691829681396484
-20.160003662109375,-7.589929103851318,3.374750852584839,-86.2740249633789,18.967065811157227,0.6817525625228882,-6.669416427612305
-23.280004501342773,-6.904421806335449,3.5878429412841797,-83.8740234375,18.912519454956055,1.3730084896087646,-6.685023784637451
-26.400005340576172,-6.314207077026367,3.7808597087860107,-81.4740219116211,18.730693817138672,2.1055188179016113,-6.718897342681885
-29.280284881591797,-5.620966911315918,3.6968088150024414,-79.07402038574219,18.401735305786133,2.8319454193115234,-6.792085647583008
-30.46033477783203,-5.050296783447266,3.58798885345459,-76.67401885986328,17.87097930908203,3.638514518737793,-6.90292501449585
-31.378082275390625,-4.560116291046143,3.6717827320098877,-74.27401733398438,17.36048698425293,4.453248977661133,-7.014214515686035

-36.1480712890625,-2.038299561053634,105.66182708740234
36.0,-40.0,40.0,-90.0,5.0,0.0,0.0
33.5490608215332,-38.63825607299805,37.20000076293945,-92.4000015258789,4.687144756317139,-0.39068537950515747,-0.6499999761581421
31.073909759521484,-37.16986083984375,34.400001525878906,-94.80000305175781,4.391772270202637,-0.6986909508705139,-1.2999999523162842
28.682212829589844,-35.58399200439453,31.60000228881836,-97.20000457763672,4.107528209686279,-0.9054306149482727,-1.9499999284744263
26.38589859008789,-33.90397262573242,28.800003051757812,-99.60000610351562,3.835071563720703,-1.012137770652771,-2.5999999046325684
24.195261001586914,-32.164241790771484,26.000003814697266,-101.45547485351562,3.576124906539917,-1.0239768028259277,-3.25
22.117502212524414,-30.40375328063965,23.20000457763672,-102.78319549560547,3.3365676403045654,-0.9537708759307861,-3.9000000953674316
20.148048400878906,-28.6604061126709,20.400005340576172,-103.6415023803711,3.123013734817505,-0.8154447078704834,-4.550000190734863
18.271671295166016,-26.96323585510254,17.600006103515625,-104.07756042480469,2.941358804702759,-0.6206876635551453,-5.190337181091309
16.46977996826172,-25.330236434936523,14.800005912780762,-104.1401596069336,2.794642210006714,-0.3801286816596985,-5.8031158447265625
14.72238540649414,-23.77417755126953,12.000005722045898,-103.86858367919922,2.684504985809326,-0.10174454003572464,-6.386341571807861
13.01103401184082,-22.300373077392578,9.200005531311035,-103.29227447509766,2.6094000339508057,0.20898446440696716,-6.937935829162598
11.315778732299805,-20.912960052490234,6.400005340576172,-102.44055938720703,2.567680835723877,0.5473232865333557,-7.455429553985596
8.943159103393555,-19.57667350769043,3.6000053882598877,-101.55607604980469,2.7384567260742188,0.8570880889892578,-7.921018123626709
5.859917640686035,-18.1636962890625,0.8000053763389587,-100.67024230957031,3.2465250492095947,1.1533548831939697,-8.325008392333984
3.0568792819976807,-16.676103591918945,-1.9999946355819702,-99.34626007080078,3.7359306812286377,1.528195858001709,-8.6769437789917
-0.06312071532011032,-15.120523452758789,-4.799994468688965,-97.87808227539062,4.372503757476807,1.913609266281128,-8.961529731750488
-3.1831207275390625,-13.614419937133789,-7.327428817749023,-96.21378326416016,4.910557270050049,2.298466444015503,-9.190094947814941
-6.206087589263916,-12.248607635498047,-9.611122131347656,-94.39520263671875,5.234423637390137,2.6777138710021973,-9.388333320617676
-9.122549057006836,-10.87466812133789,-11.732348442077637,-92.44792175292969,5.511433124542236,3.067113161087036,-9.555532455444336
-11.462088584899902,-9.68897819519043,-13.617366790771484,-90.23168182373047,5.567427158355713,3.493011951446533,-9.712291717529297
-13.016736030578613,-8.721299171447754,-15.30143928527832,-87.83168029785156,5.417298316955566,3.954190731048584,-9.87476921081543
-14.237386703491211,-8.044879913330078,-16.593828201293945,-85.43167877197266,5.145871639251709,4.421795845031738,-10.024625778198242

-45.87786865234375,-8.295379639178634,110.07508850097656
36.0,-40.0,40.0,-90.0,5.0,0.0,0.0
32.880001068115234,-37.814414978027344,37.20000076293945,-92.4000015258789,6.073732852935791,-0.6603438854217529,-0.6499999761581421
29.760000228881836,-35.564414978027344,34.400001525878906,-94.80000305175781,7.073435306549072,-1.2372928857803345,-1.2999999523162842
26.639999389648438,-33.314414978027344,31.60000228881836,-97.20000457763672,7.982913970947266,-1.717801570892334,-1.9499999284744263
23.51999855041504,-31.064414978027344,28.800003051757812,-99.60000610351562,8.786981582641602,-2.0861401557922363,-2.5999999046325684
20.39999771118164,-28.814414978027344,26.000003814697266,-101.9319839477539,9.458460807800293,-2.3240017890930176,-3.25
17.279996871948242,-26.564414978027344,23.20000457763672,-103.29053497314453,9.981589317321777,-2.4150538444519043,-3.9000000953674316
14.15999698638916,-24.314414978027344,20.400005340576172,-103.71407318115234,10.373491287231445,-2.366842746734619,-4.510131359100342
11.039997100830078,-22.064414978027344,17.600006103515625,-103.29215240478516,10.656730651855469,-2.194816827774048,-5.072173118591309
7.919997215270996,-19.814414978027344,14.800005912780762,-102.13115692138672,10.853006362915039,-1.9174482822418213,-5.580871105194092
4.799997329711914,-17.64240074157715,12.000005722045898,-100.33033752441406,10.981839179992676,-1.5516293048858643,-6.030869483947754
1.6799973249435425,-15.657218933105469,9.200005531311035,-97.99053192138672,11.232952117919922,-1.116479516029358,-6.383191108703613
-1.440002679824829,-13.827099800109863,6.591433525085449,-96.61158752441406,12.005217552185059,-0.9284161329269409,-6.673123359680176
-4.56000280380249,-12.1907377243042,4.299753189086914,-95.430419921875,12.921929359436035,-0.8135103583335876,-6.912362575531006
-7.680002689361572,-10.857162475585938,2.892887830734253,-93.31275939941406,13.532938957214355,-0.5863007307052612,-7.051584243774414
-10.800003051757812,-9.674367904663086,2.41308331489563,-90.91275787353516,14.103371620178223,-0.24296824634075165,-7.0714826583862305
-13.920002937316895,-8.609150886535645,2.2188265323638916,-88.51275634765625,14.513935089111328,0.18631303310394287,-7.063017845153809
-17.040002822875977,-7.704317092895508,2.1959149837493896,-86.11275482177734,14.736795425415039,0.7157341241836548,-7.0595502853393555
-20.160003662109375,-6.888821125030518,2.182682752609253,-83.71275329589844,14.790236473083496,1.2983874082565308,-7.070252418518066
-23.280004501342773,-6.262794017791748,2.3295016288757324,-81.31275177001953,14.691681861877441,1.9356063604354858,-7.084194183349609
-26.400005340576172,-5.7223029136657715,2.576441764831543,-78.91275024414062,14.5332612991333,2.5925817489624023,-7.094761848449707
-28.97789192199707,-5.066052436828613,2.3803625106811523,-76.51274871826172,14.147177696228027,3.2936196327209473,-7.17580509185791
-30.380340576171875,-4.732176303863525,2.598784923553467,-74.11274719238281,13.682315826416016,4.056116104125977,-7.24512243270874

-42.6925048828125,-1.556579590350509,107.56999969482422
36.0,-40.0,40.0,-90.0,5.0,0.0,0.0
32.880001068115234,-38.31501007080078,37.20000076293945,-92.4000015258789,5.399547100067139,-0.6640276312828064,-0.6499999761581421
29.760000228881836,-36.49112319946289,34.400001525878906,-94.80000305175781,5.736656188964844,-1.2324497699737549,-1.2999999523162842
26.639999389648438,-34.524940490722656,31.60000228881836,-97.20000457763672,5.9990410804748535,-1.6937758922576904,-1.9499999284744263
23.51999855041504,-32.427040100097656,28.800003051757812,-99.60000610351562,6.177115440368652,-2.03695011138916,-2.5999999046325684
20.39999771118164,-30.22322654724121,26.000003814697266,-101.9796142578125,6.264217376708984,-2.254879951477051,-3.25
17.279996871948242,-27.97688102722168,23.20000457763672,-103.65404510498047,6.31373405456543,-2.37439227104187,-3.9000000953674316
14.15999698638916,-25.72688102722168,20.400005340576172,-104.49939727783203,6.272247791290283,-2.369297981262207,-4.550000190734863
11.039997100830078,-23.500211715698242,17.600006103515625,-104.56970977783203,6.154912948608398,-2.249912977218628,-5.200000286102295
7.919997215270996,-21.3560848236084,14.800005912780762,-103.93767547607422,5.9776177406311035,-2.028702974319458,-5.841763496398926
4.799997329711914,-19.33434295654297,12.000005722045898,-102.70355224609375,5.763026714324951,-1.7218540906906128,-6.4369282722473145
1.6799973249435425,-17.261547088623047,9.200005531311035,-100.8309097290039,5.628955364227295,-1.3004612922668457,-6.965633869171143
-1.440002679824829,-15.011547088623047,6.400005340576172,-98.71652221679688,5.848304271697998,-0.8356381058692932,-7.412601470947266
-4.56000280380249,-12.761547088623047,3.6000053882598877,-96.31652069091797,6.404964923858643,-0.2394094318151474,-7.82401180267334
-7.680002689361572,-10.511547088623047,0.8000053763389587,-93.91651916503906,6.896820068359375,0.36484119296073914,-8.152386665344238
-10.800003051757812,-8.261547088623047,-1.9999946355819702,-91.51651763916016,7.335296154022217,0.9904115200042725,-8.415946006774902
-13.920002937316895,-6.405132293701172,-4.205342769622803,-89.11651611328125,7.553991794586182,1.6018092632293701,-8.613201141357422
-17.040002822875977,-4.919275283813477,-5.709318161010742,-86.71651458740234,7.701135158538818,2.216005325317383,-8.74954605102539
-20.160003662109375,-4.024077892303467,-6.390463352203369,-84.31651306152344,7.595495223999023,2.8820979595184326,-8.856428146362305
-23.158159255981445,-3.3834481239318848,-6.770256042480469,-81.91651153564453,7.32975435256958,3.5701236724853516,-8.967450141906738
-25.570680618286133,-2.76753568649292,-7.189459323883057,-79.51651000976562,6.951072692871094,4.228565216064453,-9.094130516052246
-27.96068000793457,-2.136334180831909,-7.609691619873047,-77.11650848388672,6.5477142333984375,4.83845853805542,-9.229789733886719
-30.279956817626953,-1.6189045906066895,-7.95893669128418,-74.71650695800781,6.09014892578125,5.388305187225342,-9.363434791564941

-44.622528076171875,-5.219299316913009,114.4130630493164
36.0,-40.0,40.0,-90.0,5.0,0.0,0.0
32.880001068115234,-38.44768524169922,37.20000076293945,-92.4000015258789,6.167518138885498,-0.8562244772911072,-0.6499999761581421
29.760000228881836,-36.82373809814453,34.400001525878906,-94.80000305175781,7.30104923248291,-1.6532102823257446,-1.2999999523162842
26.639999389648438,-35.117305755615234,31.60000228881836,-97.20000457763672,8.386868476867676,-2.378953456878662,-1.9499999284744263
23.51999855041504,-33.31871795654297,28.800003051757812,-99.60000610351562,9.407054901123047,-3.017726421356201,-2.5999999046325684
20.39999771118164,-31.42753028869629,26.000003814697266,-102.00000762939453,10.338912010192871,-3.5531015396118164,-3.25
17.279996871948242,-29.450031280517578,23.20000457763672,-104.40000915527344,11.156888961791992,-3.9664297103881836,-3.9000000953674316
14.15999698638916,-27.407148361206055,20.400005340576172,-106.54750061035156,11.837215423583984,-4.238184928894043,-4.541837692260742
11.039997100830078,-25.337356567382812,17.600006103515625,-107.6847915649414,12.368058204650879,-4.3560261726379395,-5.142278671264648
7.919997215270996,-23.306039810180664,14.800005912780762,-107.87361907958984,12.761863708496094,-4.330870151519775,-5.692526340484619
4.799997329711914,-21.38079833984375,12.000005722045898,-107.24491882324219,13.043639183044434,-4.184233665466309,-6.1869707107543945
1.6799973249435425,-19.614303588867188,9.200005531311035,-105.93362426757812,13.246366500854492,-3.938016414642334,-6.61977481842041
-1.440002679824829,-18.006418228149414,6.474530220031738,-104.16554260253906,13.489038467407227,-3.6323747634887695,-6.978126525878906
-4.56000280380249,-16.144758224487305,3.674530267715454,-102.53192901611328,14.182829856872559,-3.3083815574645996,-7.304596424102783
-7.680002689361572,-14.247596740722656,1.0075725317001343,-100.25577545166016,14.841859817504883,-2.8627095222473145,-7.582149982452393
-10.800003051757812,-12.527731895446777,-0.6706926822662354,-97.85577392578125,15.390702247619629,-2.2937591075897217,-7.725410461425781
-13.920002937316895,-11.275567054748535,-1.220956802368164,-95.45577239990234,15.78455638885498,-1.6817317008972168,-7.768355369567871
-17.040002822875977,-10.063383102416992,-1.715144157409668,-93.05577087402344,16.14864158630371,-1.0721831321716309,-7.809039115905762
-20.160003662109375,-9.061437606811523,-1.9799436330795288,-90.65576934814453,16.435731887817383,-0.4391476809978485,-7.84723424911499
-23.280004501342773,-8.16910171508789,-2.08526611328125,-88.25576782226562,16.641010284423828,0.2207070142030716,-7.887219429016113
-26.400005340576172,-7.297696590423584,-2.176969289779663,-85.85576629638672,16.713483810424805,0.9095280766487122,-7.9439778327941895
-29.52000617980957,-6.4725213050842285,-2.3702456951141357,-83.45576477050781,16.61129379272461,1.594435691833496,-8.030341148376465
-32.441619873046875,-5.706430435180664,-2.464148998260498,-81.0557632446289,16.386947631835938,2.32293701171875,-8.126927375793457
-34.5682258605957,-4.893780708312988,-2.7901575565338135,-78.65576171875,15.974898338317871,3.0239028930664062,-8.270018577575684
-35.76790237426758,-4.364582538604736,-2.672994613647461,-76.2557601928711,15.516148567199707,3.7492730617523193,-8.398177146911621
-36.8444938659668,-3.7956080436706543,-2.6838088035583496,-73.85575866699219,15.008304595947266,4.435225009918213,-8.542624473571777

-40.57952880859375,-6.891113281756759,106.72724914550781
36.0,-40.0,40.0,-90.0,5.0,0.0,0.0
32.880001068115234,-38.201358795166016,37.20000076293945,-92.4000015258789,5.340021133422852,-0.550559937953949,-0.6499999761581421
29.760000228881836,-36.27132797241211,34.400001525878906,-94.80000305175781,5.636292934417725,-0.992722749710083,-1.2999999523162842
26.639999389648438,-34.22336959838867,31.60000228881836,-97.20000457763672,5.877363681793213,-1.3193747997283936,-1.9499999284744263
23.51999855041504,-32.07924270629883,28.800003051757812,-99.60000610351562,6.053123474121094,-1.522333025932312,-2.5999999046325684
20.39999771118164,-29.869260787963867,26.000003814697266,-101.27747344970703,6.1571125984191895,-1.596537709236145,-3.25
17.279996871948242,-27.64118194580078,23.20000457763672,-102.16979217529297,6.193423748016357,-1.5511255264282227,-3.886385440826416
14.15999698638916,-25.441701889038086,20.400005340576172,-102.33216857910156,6.168212413787842,-1.397760033607483,-4.487963676452637
11.039997100830078,-23.303800582885742,17.600006103515625,-101.8448715209961,6.093334674835205,-1.149619221687317,-5.050210952758789
7.919997215270996,-21.25286865234375,14.800005912780762,-100.78407287597656,5.977750301361084,-0.8180432915687561,-5.569970607757568
4.856403827667236,-19.309892654418945,12.000005722045898,-99.2327880859375,5.832193374633789,-0.4152258038520813,-6.044853687286377
1.7364038228988647,-17.38447380065918,9.200005531311035,-97.33936309814453,5.827444553375244,0.03200934827327728,-6.45568323135376
-1.3835961818695068,-15.369769096374512,6.400005340576172,-95.8404541015625,6.3554511070251465,0.3476432263851166,-6.76464319229126
-4.503596305847168,-13.366575241088867,3.6273574829101562,-94.7872085571289,7.2304840087890625,0.546314001083374,-6.995121955871582
-7.62359619140625,-11.401556968688965,0.9996010661125183,-93.07445526123047,7.814361095428467,0.8623107075691223,-7.186531066894531
-10.743596076965332,-9.524175643920898,-1.1987673044204712,-91.26884460449219,8.334064483642578,1.1594336032867432,-7.302677631378174
-13.863595962524414,-7.909487247467041,-3.0176448822021484,-88.86884307861328,8.411633491516113,1.628424882888794,-7.411898136138916
-16.723453521728516,-6.680419445037842,-4.189787864685059,-86.46884155273438,8.288871765136719,2.2524943351745605,-7.4868035316467285

-36.25018310546875,-0.07183837941300908,113.98147583007812
36.0,-40.0,40.0,-90.0,5.0,0.0,0.0
32.880001068115234,-38.97119140625,37.20000076293945,-92.4000015258789,5.880359172821045,-0.8090562224388123,-0.6499999761581421
29.760000228881836,-37.97875213623047,34.400001525878906,-94.80000305175781,6.696634769439697,-1.5704741477966309,-1.2999999523162842
26.639999389648438,-36.863189697265625,31.60000228881836,-97.20000457763672,7.476533889770508,-2.2468016147613525,-1.9499999284744263
23.51999855041504,-35.61286926269531,28.800003051757812,-99.60000610351562,8.20976734161377,-2.8234245777130127,-2.5999999046325684
20.39999771118164,-34.225608825683594,26.000003814697266,-102.00000762939453,8.884532928466797,-3.288287878036499,-3.25
17.279996871948242,-32.71406936645508,23.20000457763672,-104.40000915527344,9.488588333129883,-3.633169412612915,-3.9000000953674316
14.15999698638916,-31.101558685302734,20.400005340576172,-106.55611419677734,10.012138366699219,-3.854771375656128,-4.550000190734863
11.039997100830078,-29.42276954650879,17.600006103515625,-107.93449401855469,10.454413414001465,-3.9569766521453857,-5.19373083114624
7.919997215270996,-27.718385696411133,14.800005912780762,-108.61951446533203,10.82474422454834,-3.955160617828369,-5.8066558837890625
4.799997329711914,-26.018465042114258,12.000005722045898,-108.69365692138672,11.1349515914917,-3.8626925945281982,-6.38551664352417
1.6799973249435425,-24.343778610229492,9.200005531311035,-108.23857879638672,11.394792556762695,-3.6916589736938477,-6.927804470062256
-1.440002679824829,-22.710344314575195,6.400005340576172,-107.32312774658203,11.611610412597656,-3.452219247817993,-7.431361675262451
-4.48087215423584,-20.758331298828125,3.6000053882598877,-105.78675842285156,11.959854125976562,-3.0212488174438477,-7.902278423309326
-6.030272960662842,-18.508331298828125,0.8000053763389587,-103.65923309326172,12.480769157409668,-2.3779077529907227,-8.344347953796387
-7.611879825592041,-16.258331298828125,-1.9999946355819702,-101.39849853515625,13.074602127075195,-1.721992015838623,-8.736104011535645
-10.695049285888672,-14.008331298828125,-4.799994468688965,-99.47663879394531,13.902457237243652,-1.1999837160110474,-9.0491361618042
-13.815049171447754,-11.883040428161621,-7.599994659423828,-97.39305877685547,14.474390029907227,-0.7223144769668579,-9.290401458740234
-16.935049057006836,-9.959427833557129,-10.275162696838379,-95.09416198730469,14.629877090454102,-0.2706104815006256,-9.50501537322998
-19.620895385742188,-8.32713794708252,-12.498414993286133,-92.69416046142578,14.526580810546875,0.2295832484960556,-9.698482513427734
-21.823871612548828,-7.0692925453186035,-14.198145866394043,-90.29415893554688,14.229658126831055,0.74281907081604,-9.865571022033691

